385494683 1437201590 374714893
3894452006 2756513635 124929297
1389571244 1299917000 137284590
3267934068 2881442932 9378230
4140946106 2602492445 154021190
760209576 585965354 629361668
1948388381 1832044460 70164711
170741915 176668131 214752768
3570093835 2531499423 70993022
2647843344 3421511423 399466167
1832044460 3124261283 116343921
3458218517 2890821162 111875318
1721400289 1215327022 84589978
1526855834 391420899 194544455
4019381303 3002696480 121564803
3641086857 4041602147 253365149
2018553092 1902209171 629290252
3047309511 3820977590 220624557
1805990267 170741915 5926216
3277312298 3240605204 180906219