3490144003 1623866227 218040905
1709610578 1620839197 3027030
105449249 586389428 113279526
1899604338 2167886292 348178199
1712637608 2678624215 186966730
218728775 0 245776251
2472992580 923734334 143670388
2616662968 3670169885 15297294
2247782537 1395629154 225210043
0 480940179 105449249
4113852846 3959729057 159909096
3322784653 1067404722 167359350
923734334 4119638153 175329143
1534964496 2516064491 162559724
2631960262 3496028440 140849733
2862695906 1234764072 97988355
1697524220 3636878173 12086358
2985646048 1332752427 62876727
1099063477 2970241510 435901019
4009202281 2865590945 104650565
2960684261 2142924505 24961787
2772809995 3406142529 89885911
4273761942 3648964531 21205354
3708184908 1841907132 301017373
464505026 245776251 235163928
3048522775 3685467179 274261878