2138957924 2867100637 394375633
1108145028 3261476270 27971395
2732973434 712143665 259385506
642453123 1589178663 51870752
316125718 164593015 67732689
0 145842404 18750611
1861017768 2758655274 29719920
2130609825 2858752538 8348099
828190830 2187066385 73864838
18750611 0 126160197
144910808 376698573 26842041
383858407 126160197 19682207
2533333557 3337386080 199639877
1507332395 1950588856 215367909
3619117542 3537025957 51848058
1740303803 1763491162 21707209
3793407347 4140330531 154636765
477829952 3588874015 164623171
1722700304 1432603163 17603499
1890737688 493381148 218762517
4255326359 1549537726 39640937
1408001331 1450206662 99331064
2992358940 2260931223 497724051
429891537 3289447665 47938415
3670965600 1641049415 122441747
171752849 232325704 144372869
3504169105 3753497186 114948437
2109500205 2165956765 21109620
4113434597 1290711401 141891762
3490082991 1070535927 14086114
1136116423 3868445623 271884908
757813486 2788375194 70377344
3948044112 1785198371 165390485
694323875 429891537 63489611
1762011012 971529171 99006756
902055668 1084622041 206089360