404519244 291909660 232498813
1320269465 1130502191 53088254
3383428636 3839037267 267181273
0 667785713 35892165
1373357719 524408473 98619504
2581158120 2457172776 306553547
80649901 971363049 35482565
2330985014 3113014199 250173106
637018057 1006845614 54766591
1010187739 1061612205 68889986
851189485 132911406 158998254
718278079 0 132911406
1079077725 730171309 241191740
2887711667 2392582028 64590748
3321831622 2330985014 61597014
3650609909 4106218540 188748756
2952302415 3363187305 20241331
368073252 1183590445 36445992
3839358665 3383428636 455608631
35892165 623027977 44757736
2972543746 2763726323 349287876
691784648 703677878 26493431
116132466 1220036437 251940786