480269915 557576190 100117705
2489408207 1585236324 410693151
2900101358 422045351 135530839
666327594 779006907 28457451
1945409298 807464358 543998909
96132998 2440771002 3096292
1295929224 2746460169 2283706
1298212930 2022055443 99310345
3547441134 3503466915 344864128
1659646920 325230280 96815071
4125576596 3928494543 169390700
3035632197 1351463267 233773057
1397523275 2592671813 109157546
1032938960 2748743875 109076238
1756461991 2276586008 92935317
3968917823 4097885243 156658773
595077917 2369521325 71249677
1593864657 3027700045 65782263
850005265 657693895 121313012
1506680821 2505487977 87183836
1186646008 0 109283216
1849397308 3389340328 96011990
3496945571 4254544016 40423280
3898826606 3858403326 70091217
99229290 3189615306 199725022
468834244 1995929475 11435671
3269405254 109283216 215947064
580387620 2007365146 14690297
0 3093482308 96132998
971318277 2443867294 61620683
3892305262 3496945571 6521344
298954312 2857820113 169879932
1142015198 2701829359 44630810
694785045 2121365788 155220220
3537368851 3848331043 10072283