3186854896 2955619881 216294813
1320085115 3394507929 25016085
1300936985 1818141535 19148130
3620767971 560782805 39686383
2121550779 2395592136 95582251
3594740149 4260270958 26027822
1138228493 3171914694 34259798
823736132 600469188 55727065
3049715340 2803112532 137139556
0 461804882 98977923
2217133030 1416346841 282474073
1225320767 1742525317 75616218
3481284141 3206174492 113456008
1172488291 656196253 52832476
1980983454 2662545207 140567325
182051501 2121838778 15960124
1788572787 256566375 2332800
881662118 0 256566375
3769058535 899106596 517240245
157917514 3851650114 24133987
564440564 1937530266 107354197
2527210819 4090588051 169682907
1790905587 709028729 190077867
2499607103 3824046398 27603716
1585667080 258899175 202905707
671794761 3419524014 51700770
3403149709 2491174387 62766639
228474519 2044884463 76954315
3660454354 2553941026 108604181
305428834 2137798902 257793234
879463197 3875784101 2198921
2696893726 3471224784 352821614
1345101200 3319630500 74877429
98977923 4031648460 58939591
1541962677 1698820914 43704403
3465916348 2940252088 15367793
1419978629 3909664412 121984048
723495531 1837289665 100240601
563222068 3908445916 1218496
198011625 3877983022 30462894